145002
144898
144821
144806
143939
146004
144913
144862
144860
145991
143912
143825
145922
144829
145935
143928
145997
144914
146022
144019
144939
145006
144968
143870
145920
144864
146001
146010
145014
145038
144892
144888
146006
144822
145037
143778
145926
143960
144029
145945
144853
144923
145034
144007
144915
143764
145906
145024
143836
143812
143902
145913
143806
144009
143973
143949
145932
146023
140142
144960
145975
143839
143840
145938
144927
144928
144819
144955
144809
143964
140288
145990
144916
145042
144827
144847
143863
144014
146025
144032
143958
144828
144932
144987
145043
141014
143758
146013
145924
145916
140052
144812
144805
145005
143997
144831
143967
143788
143795
143974
144807
143921
146007
143886
144963
144980
143862
145964
143987
144967
145933
146018
143803
144904
145969
143781
143867
144999
143780
145974
144824
145956
143920
143936
143980
143844
144973
143981
145040
143934
143952
144885
143933
144994
144006
143842
144909
145984
144961
143956
144907
144804
144837
145012
143849
144010
144918
144811
143773
144834
143748
143878
144986
143794
144887
143978
144859
144039
143890
143991
143953
143889
144936
144879
145992
144988
141078
143970
144856
143893
144947
144013
144814
143882
143554
144978
144966
144015
143831
141051
145026
143792
143898
143994
143811
146008
143777
143793
143986
145960
144850
144830
144857
145035
143990
145934
143996
144840
144026
144965
144808
143913
144944
143834
143977
143757
145937
145927
145939
144946
146000
145025
144863
143813
144854
143822
143940
143752
143998
143783
145952
144925
144943
142526
143753
143765
143807
145000
143789
144981
