145002
144898
144821
144806
143939
146004
144862
144860
145991
143912
143825
145922
144829
145935
143928
144914
146022
144019
144939
145006
144968
143870
144864
146001
146010
145014
145038
144892
144888
146006
144822
145037
143778
145926
143960
144029
145945
144853
144923
145024
143836
143812
145913
143806
144009
143973
143949
145932
146023
140142
145975
143839
143840
145938
144927
144928
144819
144955
143964
145990
144916
145042
144827
144847
144014
146025
144032
143958
144828
144932
144987
145043
141014
143758
146013
145924
145916
140052
144812
144805
145005
144831
143967
143788
143795
143974
143921
146007
143886
144963
143862
145964
143987
146018
143803
144904
145969
143781
143867
144999
145974
144824
145956
143920
143936
143980
143844
144973
145040
143934
143952
144885
143933
144994
144006
145984
143956
144907
144804
144837
145012
143849
144010
144918
144811
143773
144834
143748
143878
143794
144887
143978
144039
143890
143991
143953
143889
144879
145992
144988
141078
143970
144856
143893
144947
144013
144996
144814
143882
144978
144966
144015
143831
141051
145026
143792
143898
143994
146008
143777
143793
143986
145960
144850
144830
144857
143990
145934
143996
144840
144026
144965
144808
143913
143834
143757
145937
144946
146000
145025
144863
143813
144854
143822
143940
144913
143752
143998
143783
145952
144925
142526
143753
143765
143807
145000
143789
145004
144851
145988
140141
145930
143828
144901
143779
145029
143932
143910
145048
145018
145036
143950
143906
145051
144012
144839
145941
145979
140277
144002
143922
143989
144949
146002
143957
145929
143770
143759
144991
143854
143877
143865
144816
143802
145967
141007
145955
144875
143883
141033
143876
143976
145015
145003
144970
144838
143971
144799
145030
143772
144035
145905
143785
144962
143796
145993
146012
143787
144021
140266
145047
143984
143809
143969
145919
145998
143620
144953
143852
144037
144865
143955
143805
144945
140967
138898
143914
146020
145986
144011
144023
144028
144833
143966
144977
145904
145994
143814
143819
144951
144866
145950
143919
144024
143820
143891
143988
143879
143768
145957
144969
143826
143885
143923
140263
143999
144979
144031
140280
143924
145033
143838
143985
145987
144034
144802
143873
145017
144995
145001
144934
145946
140140
143868
144000
145027
143881
144008
145931
143824
144855
143993
144820
144938
144919
143872
143790
144030
145989
144889
145910
145912
145908
145007
146017
146019
145951
146011
143606
144921
144867
143823
144025
143948
144950
143799
143827
143848
143917
144835
143754
139023
145943
145976
143908
143842
143899
144846
143884
144935
143930
144883
144884
144897
143915
143947
143866
144807
145008
143937
144911
143942
144924
143929
145044
143904
144929
143943
144933
145050
144954
143755
140959
143833
145999
143959
144957
144895
140255
144909
144993
145009
144870
144869
145914
143871
144886
143771
140303
143784
144891
145923
144861
143968
144984
146021
145947
144910
144903
140082
144894
145039
144874
145940
143902
143855
144826
145973
143756
145980
144926
142069
144736
145963
138895
143835
143817
145011
144998
143935
144005
141169
143962
143791
140297
140304
143762
143860
143815
139138
145925
145983
145019
145948
144810
143859
145970
143888
145013
145949
144832
144681
144848
144899
144022
143760
141134
144937
144787
140072
144974
143843
144997
140201
143903
143992
144972
144876
144940
144989
140073
143951
144956
143829
143864
143804
144843
143845
140275
139055
143905
143894
144967
143892
144003
144868
143918
142731
140190
144882
