61778
60945
60989
61851
56522
61059
63914
60852
63920
61861
61754
61744
61856
58550
63923
62828
57611
60639
61915
62808
60957
63896
58704
56594
61931
61834
60990
60873
62884
61057
63940
61796
61741
61010
60743
62821
61067
61869
61911
63919
60887
57598
60797
57605
62848
56967
61884
61030
61049
62844
61855
61783
61950
60921
61850
61042
61052
60899
61774
60995
63898
62874
61004
62842
61889
61003
62824
62858
61742
60713
61022
60959
62901
60955
60924
60965
61074
57732
61876
61016
62866
61820
61756
61805
61784
61008
61069
60860
60944
60897
61789
62841
63913
63938
60977
61880
62860
61835
60999
62838
60877
63912
63925
60902
60988
60880
61822
62907
60915
61055
63895
61001
63894
61900
61859
60856
61845
61815
61739
61760
62891
62887
61921
61021
57645
60948
62863
57706
61063
61081
60963
61757
61899
61925
60936
62803
60972
62892
61006
62849
58326
61035
61866
61826
61046
58802
60928
61836
60892
61697
61795
61882
61816
61806
61890
61908
62886
60903
60863
61009
61054
60987
61020
62823
61078
61887
62819
61771
61817
60886
61043
61902
60956
61039
61747
61041
62831
61019
63930
60919
61896
60933
61767
61912
60909
61040
62864
61033
60853
62870
61785
60992
62879
60974
62806
63909
57521
61745
56643
56661
61893
56635
62829
61748
61924
60862
61927
61837
61071
61782
61053
61857
60882
61743
61766
60976
60857
61933
61814
63899
61878
62812
62804
62856
57654
61029
60952
60912
60941
61838
61852
61888
62859
61786
63910
60985
57692
61844
60937
62834
62871
61877
61746
58334
60958
60658
61842
61873
61906
61773
62795
60854
61034
63900
61825
58772
61017
62799
56922
61068
62896
61909
60935
61037
62899
60946
62851
57590
62867
63906
62832
63932
60818
62787
61901
60981
60714
56850
62862
60960
61050
61073
60923
63934
62814
62816
61812
57769
61768
61027
58473
63935
56563
60907
61048
61750
60939
60865
58372
61044
60953
61797
61079
59718
62875
61026
56934
61809
62878
61014
61936
62827
61755
61823
61781
61060
60704
57628
60864
61875
61714
60971
61007
61056
60900
60949
62817
58247
58719
63929
61777
61036
62873
61840
61886
62826
60951
60901
61831
61853
63933
57661
60889
61892
62835
61944
62882
61940
63931
61005
62869
63902
63891
62811
61824
62770
60984
60896
58438
61947
61045
60938
61083
60708
57677
61080
61870
61843
62801
61813
61948
61898
60920
60926
61015
61833
59700
57607
61791
62822
60994
60925
61832
61922
62909
58554
62865
62872
61031
61923
61848
62895
58317
60859
61763
60982
61946
60872
61758
56564
61891
60932
61828
62813
61939
61012
61894
61860
61085
61874
60906
60905
60904
56576
60975
61918
61787
61841
61935
61867
61953
61062
63889
60908
62798
62852
62805
60866
60978
61738
61919
63897
60964
61634
61047
60922
62881
60940
62885
63926
57763
60879
61863
61086
62897
63890
60870
62910
62900
60895
60950
61945
61794
58849
60885
62868
62876
61942
57614
61819
61751
60858
63907
61024
61854
57723
60917
57768
56598
62888
61765
61779
60918
60861
60891
56638
63918
57691
60823
61002
61051
61811
61949
62889
60874
60898
59005
62853
61025
61920
62820
63911
61929
61640
60961
62855
62861
61941
60876
62846
61076
61830
60878
61864
62839
60968
61865
61808
61883
61790
61943
60930
61932
60022
61772
60888
60993
63921
56834
61770
57717
60980
63915
61775
61879
62837
60966
56693
61937
61895
61846
62825
58869
60883
61788
60986
60970
62810
63905
62843
58855
60943
63908
61070
61752
61759
61871
60871
60916
61801
62905
60931
63916
60637
62793
58351
62904
62809
61028
62890
61799
60927
61885
61749
60996
62898
63893
61847
61038
60012
61762
62906
61793
61032
60875
60914
63936
63927
61764
60973
61066
58331
62883
62818
62815
61802
62847
62833
61917
60997
60947
56604
60983
61792
61065
61011
61913
63939
60890
62903
61934
57630
63917
61807
61018
63928
62893
61061
62830
63901
61810
63924
61928
60954
60049
62836
62902
63904
61821
61827
62877
62894
61862
61800
60709
61072
61084
61740
60868
62908
61753
61904
57556
61769
60884
63937
61868
61930
61075
60867
60869
61077
61951
60910
61798
60934
60855
61058
60967
61780
60991
60962
60894
60747
61013
61905
63903
58699
61910
60911
57674
62880
63888
60929
61023
61903
60767
61897
62854
62797
60969
62807
62800
63922
63892
62840
61938
57549
60979
60726
57633
60893
57764
61907
62802
57581
61718
61952
62850
62857
56680
61926
61064
62845
61916
60881
61000
60785
61761
61858
61829
60913
57762
61849
61872
60603
61914
61082
61776
61818
61803
60942
60761
61881
58516
57694
60998
61804
58837
61839
