55105
55763
55830
56813
55933
55196
55811
54933
55149
51868
56729
55837
51351
54979
55974
56009
55912
55832
55875
49975
55102
56780
55141
54927
54766
42948
52421
55852
50664
50871
55918
50122
55957
51711
54939
56769
55111
51518
55894
55738
52670
55825
55155
54910
51676
46087
51262
54906
55823
56748
52228
55078
56772
55024
54964
55075
55710
55039
55090
55800
55921
54988
55165
55890
55166
55841
55739
56741
55028
50133
55846
55935
52668
56712
56740
55765
55996
50622
50837
56802
49720
51368
55182
56723
49879
51737
46339
55952
42133
55173
56763
54763
49687
55741
55049
56742
54976
55872
55094
55986
54980
55940
55806
54930
46270
55051
55761
55007
56807
54983
55183
50938
55975
45482
54919
55896
54951
55027
55066
56745
55167
55859
53563
55931
55100
45467
55753
56725
50167
55815
55917
55064
49854
56749
55127
55908
51758
51729
55845
56771
55797
52160
56746
56003
51183
54922
55994
51787
55747
54975
42764
55992
55091
55143
55192
55783
55851
54932
55180
56717
55923
55792
55036
55945
51608
51734
55135
56784
55997
55074
54989
51956
55162
55168
55013
55991
54790
55178
55802
55116
55881
54972
55866
55844
55107
55171
50127
56779
56766
55827
56805
54110
28630
56721
55906
55831
55888
56734
55002
54905
56791
55871
53973
55855
54998
55189
52226
51814
55998
54957
55870
51302
54963
55034
54942
55971
55121
51803
50734
51771
54965
55070
55858
54987
55927
55063
55979
55977
50309
54911
54722
55060
55900
54984
54999
56811
43258
51634
56750
55838
56008
55744
51620
55185
55874
56816
51626
50652
55879
56737
52755
55199
51773
53985
56819
55068
55993
54948
52703
53718
55984
55062
55004
50418
56004
55774
55092
51882
52231
50756
50207
56760
56762
56733
54952
54903
55951
52698
46352
55069
56767
55137
54995
51558
54124
54902
55990
55967
55959
55158
55656
55086
54967
55889
56822
50742
55058
54997
56783
55790
54914
51192
56739
54764
55809
55136
55922
55946
55966
55145
55031
51866
56814
55981
51643
56818
56738
55757
53076
55850
55816
55905
55749
55924
53461
55898
54786
55944
54921
55807
55949
54758
55019
55980
55098
55138
54913
54960
42783
54925
55926
55156
55865
56727
51783
51610
53053
51698
55123
52258
55087
55146
54731
56781
55963
54947
55056
55953
55842
55112
55134
55776
55780
55009
54665
46151
52235
55191
55764
56823
56787
51848
55164
55144
56820
55023
50460
55053
43378
55018
55803
54907
56759
54929
49777
55120
54749
56798
54954
55891
56754
49494
52105
54974
52023
55026
54969
50439
51647
54915
55886
55194
54985
55172
55140
55142
55936
55104
55782
55982
54945
55195
51855
56006
55743
55122
55119
50527
50625
55037
55904
55799
54768
55893
55805
55170
55022
56731
52158
56796
56768
56751
55124
55047
43751
51707
55989
55012
55126
56809
55174
55008
56790
51745
55085
56715
55077
55177
55059
56777
55810
51673
55784
55861
56743
54944
55044
54936
55054
55833
55772
55006
56782
45659
46108
55110
56005
55021
56806
54912
54080
51307
55740
55929
55848
55877
55887
55930
55829
54943
56765
55770
55041
56752
54968
54938
56801
55097
55826
56753
55902
54973
56714
55781
51658
55161
55020
55899
55969
54934
50647
55876
56722
55010
55184
55919
55942
55081
50387
56747
55636
54949
55073
54953
55758
56007
50228
55118
55011
55839
54734
54990
55038
51811
55818
54941
53557
55824
56761
54908
53487
56797
55854
51805
55787
55812
55754
55950
55095
55943
55096
56815
51400
56713
55983
55756
55035
55767
54807
55853
56775
56776
55937
56800
56744
55884
56757
55878
55061
55001
54935
53892
55834
56803
55895
55745
54916
51568
55883
55762
56788
55072
50144
51614
51859
55101
50581
55048
50402
52116
55911
54028
55099
53532
55932
55880
45549
55151
55735
54752
55798
55843
51755
54904
55999
49455
55863
55938
55973
55093
55042
55962
55808
55050
55965
55835
55193
45609
55769
56728
55864
46115
55777
54699
55796
55187
55817
55941
55132
55779
55159
55821
51779
55928
54982
55130
55995
55032
56719
56793
55147
52719
55913
55046
51648
55897
55791
55786
55746
50518
53895
51645
55181
52723
56795
55133
55109
55760
46156
51817
55088
55822
55820
55958
55025
46299
55934
54981
52048
56804
56794
55015
56001
55179
55154
55968
56756
55956
55750
55163
55115
56773
50529
55910
54886
55867
50660
56735
55976
56792
50192
50509
55748
55789
55751
54959
53031
55920
51161
51388
55978
55907
56817
55892
56010
56732
55186
55766
54996
55939
55033
54649
55840
55795
54917
55029
45862
54961
50890
55775
54977
56786
55103
56774
55814
55793
55014
45471
45224
55869
55849
55801
52021
46195
54071
55771
54955
55052
51840
55079
55084
54978
54937
55128
56770
53049
55909
55089
54158
56764
55868
52702
55873
55131
55759
55970
55972
55668
51103
55197
55117
55113
55040
56755
55080
54966
45495
53502
56799
54928
54991
55836
55985
55778
46220
54920
55043
55915
51799
49572
56002
54909
55076
55960
55114
56785
49844
54950
55071
55148
54970
55198
56736
54767
55828
52611
55108
55153
55885
54878
55190
55083
49897
56716
54926
51682
54940
56778
56812
55988
55152
55160
54931
54850
52123
51804
55847
56726
56718
54994
54004
55882
54661
55188
55947
54923
54962
55150
55955
55106
54958
55125
55045
51760
56810
46238
43065
55948
55819
55914
55139
55964
55903
55169
51874
55788
24987
55794
55067
55016
51838
56720
55925
55082
55065
55752
56789
54993
54924
54971
55030
51812
56724
55961
55813
55055
51602
55862
55176
55773
55003
55755
54846
55987
55916
55856
49772
56000
51815
55742
54956
55129
52715
55857
54946
55954
54918
54853
55057
56808
55901
56730
55000
55785
54986
54992
55017
55157
55860
55768
56758
55005
56821
54762
55175
55804
