60989
62839
61889
60986
63899
61846
63931
60658
61913
60881
60891
63903
62870
61931
60964
63907
61761
62799
61912
61750
61774
61904
60933
61849
61834
61041
61018
60995
61034
61741
62811
60923
60977
62815
62880
61787
61817
62868
62908
61928
61917
61870
61751
61775
61852
61853
61074
62867
60893
63923
61773
60961
61754
60882
62836
63916
61023
61923
63908
62812
62891
62904
61855
61805
61053
61891
62886
63935
61777
63909
61909
63926
61058
62853
59700
57611
61893
62838
61885
62861
61937
62879
62849
61782
62864
61840
61829
61839
60985
61812
60905
60950
61887
61803
62823
61936
61859
62825
61948
60976
60866
61755
62833
61935
60932
60861
61910
61854
61065
60926
62826
58869
63911
61949
61807
61888
60907
60913
61926
61911
61763
62894
60887
61756
62885
60904
62797
62866
63888
61793
62888
62798
62909
61739
62878
62896
61880
63912
62890
61748
60883
61908
61770
62834
61874
60980
62856
61946
60953
61844
60877
61001
61740
63900
61079
61017
60943
61945
63919
60931
61861
63906
63913
60939
61005
60852
61902
60930
61801
60898
63910
61872
61749
61905
62863
61804
61029
61809
61821
61037
61744
60979
61871
61919
61771
62802
61843
61894
61951
60966
61823
62816
61013
63918
62837
61848
61897
61898
58326
63939
61857
60975
62844
61759
60871
58317
61003
62806
63917
61009
61920
61878
61918
60937
61746
61790
62862
61916
58772
62807
60900
61781
60998
61811
60994
61882
61899
61845
63928
61738
60911
63932
62801
62819
60935
61044
61765
61941
60962
61073
62872
61943
61030
63921
60927
60863
60963
61932
61753
61934
60981
61024
61886
62895
63936
62850
63892
62843
61832
61866
61800
61085
60952
61045
60974
60949
62847
62848
61055
60918
61836
62832
61884
60959
61791
61039
63929
61869
61008
61060
62871
63915
60859
61032
61896
63937
60934
61925
61066
62813
61903
63889
62899
60903
61798
61813
61841
60987
57630
62805
61796
57645
61924
60945
63890
61035
60858
61814
57614
61850
61944
61010
60993
61797
57764
