56787
55140
56784
55739
51262
55885
54912
49494
56754
55142
55069
55915
56713
42948
46270
55992
54939
55860
56823
52105
55806
55802
55927
55843
55859
56762
56821
55757
55796
55808
55122
55058
55100
55874
55974
55181
55750
55021
55840
52160
55050
55893
55988
45467
55941
55035
55768
54936
50144
54977
56740
55742
56715
54920
46299
54937
55023
55743
56803
55065
55011
55887
54967
55812
55868
55948
56727
49897
55024
56733
50167
56744
45609
56004
56718
55193
56750
56783
54947
55163
56769
55755
52158
56756
52116
55769
55033
54974
56001
55844
56777
55162
56775
55047
56725
56822
46151
56799
51956
55861
55183
55785
46087
55858
52021
55967
56767
55042
56007
55943
46238
55177
56804
55028
55792
55156
55772
56815
55002
55056
54968
55991
55814
51161
55081
50228
55955
55809
55125
55888
55099
55979
56760
56734
55779
55762
55020
54933
55795
56002
42764
54907
56811
56757
55095
55911
55905
54971
56747
55954
55778
50756
55053
55936
56797
55883
56721
55817
54969
55997
56794
55039
55894
55151
55797
56719
55816
55879
54915
55777
55957
55933
55944
55947
56800
54982
56818
55815
56009
54959
55049
54948
55935
55196
55135
54962
55921
55867
55097
55186
55800
50742
55976
55753
55165
54950
55144
55767
54926
54973
55019
55857
54941
55923
54902
55001
50938
55862
56792
55072
54985
55026
52048
55077
55748
54938
55062
55068
55158
54908
55813
55964
50509
56763
55891
56816
55978
55120
55790
42133
55775
54994
56730
56759
55041
55090
55996
55048
55751
55836
55148
