112208
112266
113666
113736
115277
113715
116872
112175
112413
113780
113689
113788
113812
112300
113815
112409
115202
112308
113799
113821
115327
113813
112233
112299
113613
115275
113669
113622
113642
113844
112276
113719
112334
112202
115236
115211
112224
113602
113806
112331
113599
113649
115254
113726
112403
115285
112301
113766
115274
110099
115191
113827
115319
113756
112329
113641
113676
115212
113833
116903
113808
113820
113783
113755
113746
115213
112336
113703
113828
112297
113748
112432
112252
115293
112420
113629
115242
113595
115237
113829
112303
112415
112189
113711
113737
112259
112238
113580
115199
115314
112429
112240
113767
112340
113742
113607
112192
116891
112452
112387
115239
113680
113817
112323
113763
113647
112436
113714
113784
112174
115278
112443
112245
112376
115260
112280
115291
115311
115244
112184
107212
113659
116881
112181
115192
113739
115226
112459
113724
113758
112316
113637
112327
112333
113787
113822
112196
113591
113567
115268
112338
115223
108674
113761
115206
113624
112423
116886
116885
112332
112162
112422
112444
112190
113598
113830
112315
113818
113609
113697
115190
115270
112173
113572
112223
113620
112265
112168
113706
113779
113600
107119
112382
113638
113664
112281
113804
113704
115224
112228
116899
113831
116910
112388
113741
115220
113794
116908
112416
115229
115200
113717
112277
115301
115251
113655
115308
116917
113614
113667
113596
112411
107276
112442
107232
113825
113705
113809
116869
115195
116875
113656
113792
112451
116913
115238
112453
115317
113819
116905
112352
112377
116909
112426
115259
115217
107122
113693
112372
112339
112379
110116
113716
113688
113709
115303
113634
113729
115322
112383
112441
113698
116892
113776
112247
113793
112399
115286
112464
112349
113734
115230
116890
113625
113668
112172
112237
112288
113575
113581
113721
112374
115263
115287
112418
112371
113570
113643
115221
112243
113795
112274
115325
107262
113692
112417
112461
113730
112462
113771
107259
112183
112381
107233
115298
113782
112212
112200
112345
112402
112170
112182
113578
108670
116906
112427
112306
112439
112355
113702
115194
113816
115320
116874
116887
116915
112269
116911
113760
112454
