112195
115262
112253
115278
115273
115263
112310
112191
112382
112324
115231
112327
113545
105408
112429
113643
116915
111891
113618
115290
113677
112311
115269
112398
113813
112437
112432
112393
115272
115239
107333
112348
112411
112286
112166
116881
113774
112181
112188
116911
112247
112345
116871
113621
115258
113753
113733
116872
112273
116906
107159
115237
115291
113710
115282
113771
113726
115305
112300
107207
112238
113729
107313
113780
108693
113670
112439
113676
112312
112208
112401
112338
113574
110120
112187
112379
107306
112216
112179
112252
113687
112419
115245
116875
113723
116877
112235
113636
113737
105436
111999
115316
112251
115177
113647
113746
112330
113768
112358
112190
112374
116880
113651
115225
112143
113793
115250
113573
110411
113682
116904
110587
107074
113600
113819
112218
112399
115302
112186
116900
107122
113787
113605
113645
111996
112381
116874
115236
115235
112198
115207
112342
105638
112299
113683
115328
112448
112318
115199
116894
115255
107037
112257
106842
113606
113580
113734
113837
112435
112431
113631
113770
112162
115243
115252
113688
113841
112241
112442
113663
113695
112214
113480
112387
115327
112212
113494
112177
108670
112272
113577
113632
112465
115268
115195
112267
113816
112291
113803
112367
112316
113825
113721
113747
115321
106823
113576
112305
112423
107099
113843
112415
112430
113731
116917
113807
116903
113569
112209
115148
115322
112447
113792
113784
112353
112249
115315
113673
112308
107209
113751
107003
106872
115203
115318
115259
112354
113572
113642
112242
113579
115206
115304
112394
113763
112292
112280
113666
112468
113796
115189
116873
112234
116892
113823
113602
105470
113582
113752
113836
112260
115261
113705
113697
108616
116902
112204
105405
112175
112243
113808
112239
112397
112464
107210
115220
111948
112304
111962
116887
112193
112329
113646
113622
116898
112032
115265
115241
113831
112391
113781
112011
112263
112167
107152
113447
115279
113592
112197
110081
110123
116888
112455
112161
107212
108471
112211
115317
112376
113684
116916
113772
112203
112237
112346
112296
116883
112246
112297
112441
113835
112302
112467
113764
113842
108547
113615
115280
106782
116885
116868
113665
113786
112456
113762
113586
113653
115303
113617
107174
112295
112293
113664
108513
112459
113712
112458
113727
113630
113797
112433
112182
116884
110116
115209
113741
112217
115210
113648
107240
115298
112421
112336
106776
112240
113650
113620
112194
112337
112417
112284
112264
115270
112276
115194
105539
115208
113785
113585
115234
113767
110580
113756
112341
107276
112355
116914
116882
112298
113758
107242
112392
112326
112361
107296
105401
112372
112333
113679
113613
115219
108680
115260
112248
113718
112389
112427
112343
112287
113445
115221
112438
112125
113638
115191
115214
106764
112434
116907
112357
113777
112452
113535
113671
113589
113824
107119
112395
113783
113742
112307
115188
113789
105478
113748
105367
113702
112414
112202
116890
113709
113623
107259
113844
112178
115196
108674
113799
116899
112416
115271
113711
112406
112320
115309
113625
113571
110602
115197
115277
115319
108488
113704
113601
115204
115212
115297
108540
113795
112173
113692
112404
112425
107307
112261
112256
113778
113627
112220
112351
112219
112309
112331
112210
113587
115202
113403
112325
105337
113804
113833
116895
112366
115251
112282
112269
106883
115313
115294
113725
115200
112349
107154
110681
115320
116876
113584
108333
112255
113750
112301
115215
112356
115274
113635
112362
113640
115296
112250
115289
113720
115253
113628
112422
113740
112365
110050
112454
112400
113641
112265
116869
112226
111926
115242
113832
113596
113568
111895
112388
116878
115308
112403
112436
115307
112315
112205
112383
115329
113660
115293
112449
113644
108632
113827
113661
115192
112169
105413
113690
113655
116886
113728
113637
113534
115311
112223
113743
112335
107301
107314
113570
108525
112352
106810
105377
113776
115227
112340
113662
113818
116901
113800
105611
112283
113722
112457
115228
112428
112446
112409
112334
115249
113812
112180
113689
113699
112413
113581
112170
112259
107148
113791
113658
112185
116893
105639
113649
115222
112347
112270
113736
112213
112229
115287
112410
106813
115248
113608
112160
115324
112424
113626
112303
112245
105519
112418
115240
108523
112233
113633
113668
113716
112294
112440
113597
115292
115247
113759
113629
115325
115288
112444
113773
112426
113703
116909
113766
106989
115224
112275
113698
112174
105565
115323
113839
112236
105597
113680
112184
113578
116891
112375
107182
113834
112360
112277
115314
112359
113840
113788
113611
113820
112020
112463
112206
112319
113707
112067
113616
112332
112369
113798
112285
111937
105338
116897
112386
113624
116912
113656
112274
112328
113612
115211
115226
112227
115257
113814
113838
113761
112322
107262
115267
113830
112460
112207
112321
115306
112101
112364
113681
105587
115266
113713
113754
112462
112168
112453
112380
113595
110495
112200
113593
115198
106915
112314
113672
112289
115283
112344
113845
113696
115223
105352
112165
112244
113829
112176
115275
107268
113755
112407
112232
113822
107265
116905
112377
105372
115326
116910
113802
116908
112405
113619
112396
107270
115190
113810
113719
112339
112196
113588
113583
113739
112402
113691
112228
112306
107070
115229
113769
113817
113639
115238
107096
115205
115233
107089
115301
115213
116889
113599
112290
115281
112279
112163
112230
115299
105345
105387
113706
112225
112018
112378
113730
113708
112268
113675
112281
115276
113652
111941
115193
113701
107315
113744
113693
115217
113659
115244
113775
107060
113738
113735
111955
107177
115285
113811
112254
113821
113694
113794
113745
115312
107233
111932
112159
113717
112350
112384
113809
113760
115232
112317
113575
113594
107218
105343
112461
112323
112370
112451
112408
115295
113686
113674
115230
115254
116913
112172
112215
112262
113806
116879
113598
112371
112201
107075
112222
115286
113805
105527
112183
110263
113715
113634
112373
111997
113654
111976
106778
113610
113801
113678
107232
112258
112231
113828
113815
115300
112271
113607
105431
112363
113757
113765
115246
112420
110099
112368
112189
113614
112288
112390
112313
115201
116870
113782
112443
113724
112148
113603
112450
115218
113685
115310
112192
113567
112445
113609
113604
115181
112199
115264
113591
111755
113732
115256
107193
107235
112466
107334
115216
107057
113667
112385
112224
113779
105392
113826
112221
115284
116896
107217
107323
113749
112412
113669
112266
112278
112171
113657
113700
113590
111929
112164
113714
105511
113790
