<<<<<<< HEAD
95783
95999
97338
97368
95901
97364
97301
95835
95809
97378
97285
96053
95924
97376
97380
97365
95931
97401
95971
95907
95985
95910
97287
95998
95831
95883
96056
95776
97371
95939
97391
95838
95814
95845
97392
96049
97313
97298
96064
97268
97294
96033
95819
96021
95878
97332
95871
95965
97322
97356
95802
97409
95932
97283
96048
95782
97385
97361
95930
95919
96016
95948
97326
97336
95946
95981
95882
97384
97386
95949
97375
97352
96043
96032
97288
95978
97383
97282
95804
95855
95818
95943
95807
97317
95960
95979
95768
95876
95906
95973
95987
95996
95909
97387
95799
96042
97334
96006
95976
95890
97360
97270
96020
97354
95988
97266
95789
95860
97373
95792
95905
95881
96010
97273
95847
97351
94442
95781
95862
95977
95955
95801
94220
95940
95775
97382
96040
95821
97291
97275
97329
97367
97346
96051
95970
95810
97406
95832
96045
96039
97394
97353
95638
96025
95866
97330
95968
95865
97398
95984
95958
95944
95914
95769
95837
89545
97350
95929
95983
97372
95898
97304
94218
97292
95935
88017
97321
97277
95879
95982
95869
97278
97296
95875
97389
94475
95899
95863
89512
97397
95786
96012
97357
89184
94424
95892
94199
97404
95829
95964
95767
95808
94244
95900
94270
95993
95986
97349
95886
94519
97318
87829
97272
97328
97315
95813
96003
88010
97358
94237
95969
95690
95951
95805
94468
95941
95828
89204
95938
95956
97281
95870
97300
94806
97355
97324
95895
95921
97320
95877
97309
95798
97381
96024
87741
95928
96005
96028
97276
97269
95923
94654
96031
95959
97303
95824
96044
95989
95787
96029
95937
95857
94790
97279
97310
95772
96058
97343
97379
89330
95872
95992
89555
94392
96017
95942
97316
94336
95920
94417
89631
95791
87929
95644
97405
89535
95795
89500
94515
95963
94387
97299
94193
94528
95945
94726
95925
94363
94556
95836
94198
97362
94346
90772
95897
97323
94437
97345
89749
97302
97290
90867
94406
95889
97399
97393
96063
97307
94531
96013
89755
94791
95913
95770
97295
97325
87768
87865
95823
95926
95844
96019
95843
89775
94667
89221
87795
94546
95954
95785
87826
90806
87920
89540
94542
94635
94664
97366
95723
95918
87911
92509
94517
97319
90831
95641
95854
97370
97395
95893
89454
97265
94717
89705
95867
89731
94655
89652
94492
92395
97388
97341
96046
97305
94344
87987
97311
87867
91035
89181
89701
87759
97342
92498
94407
91000
95633
94312
87816
97314
91040
94526
94472
97390
94700
95812
95880
89525
94518
97374
97327
87793
96068
97363
95874
87710
97274
89647
87951
97339
87696
95903
95771
90754
95975
89483
90741
97306
87915
87732
94736
94602
94327
87731
95662
97400
94796
97348
91026
95841
94748
97344
90995
95990
94566
95922
87746
89524
90851
87827
94541
95868
95825
95904
91403
94490
96036
94625
89662
96014
96061
94701
88006
94652
97377
95800
94607
89476
95997
89397
89699
94516
94729
94568
95896
94777
95790
95788
95747
95887
94679
97289
94260
96035
94587
95936
95839
89623
94741
87757
97402
89426
95991
94651
94725
94503
94694
97408
87895
94574
92851
97331
94481
94535
94746
94773
89493
96050
94817
95861
89689
94775
96041
94707
97308
94779
95888
92418
95957
94705
94690
94787
90788
87994
96023
94668
94765
95961
95811
94720
92840
95794
97396
94590
94714
89601
95884
95780
94716
89588
87999
97403
94514
94561
90758
95797
94792
89682
94805
94710
97347
94595
95826
89460
96060
87783
96022
94488
94610
94564
96009
96047
89139
95974
87927
94808
96034
89764
94677
89539
91032
94660
94734
91091
94507
97333
94706
95774
96057
97267
91042
94692
89292
94647
94685
89599
94699
91149
95833
94479
94697
94812
95950
90779
94674
94814
94811
94698
94554
94544
87738
95962
95842
94498
91076
95934
95995
96007
94493
96052
95873
94599
89663
95859
92364
94678
96054
94582
89486
94637
95852
95933
94753
95972
91354
87892
94508
95891
91124
95803
94732
94640
96026
95850
94620
94506
96008
94737
89452
97271
97293
92450
94767
94510
94572
94794
94588
88004
94631
95822
89544
94604
94696
94543
94795
94762
94617
92660
94758
94712
96062
94550
94532
94769
94810
94581
89475
94642
91243
94772
96055
94547
94494
94687
95634
95834
95927
94623
94643
94628
94538
94733
90883
94789
96067
89448
94583
94759
97407
89135
87864
94632
94818
87730
94666
95815
94816
95840
94397
94803
92973
89490
95967
94798
87744
95848
94730
91106
89624
95779
94781
95827
87698
95637
96018
94783
87906
93033
97369
94813
96001
94536
94525
94562
89515
95784
94671
94644
94497
94086
94558
96037
97286
97312
95952
97284
94548
94537
94703
89350
94586
94650
94766
94649
94499
95796
94589
87726
95894
94621
96059
94593
94630
94511
94596
89633
94715
89481
94527
94096
94613
87859
89673
94594
94579
94577
94523
94755
94682
94764
94801
89522
94524
94648
87734
95846
97280
94615
94743
94744
89360
97335
94708
94770
95806
94786
94491
94591
94502
94721
94718
97340
94522
89187
94573
94521
94629
92398
94681
96066
94793
94807
94598
92855
90938
94501
89768
96027
94512
94622
94645
90919
94719
94673
94545
89337
94672
89580
95773
94592
95820
89736
89605
97359
94788
94486
94686
95917
94693
94785
96038
94815
95916
87975
94657
87824
94656
94782
89144
95915
95849
92902
88001
94551
94774
94571
94763
94747
92657
94684
95980
95777
90937
94799
89393
94605
95912
94638
94576
87703
91069
94688
94695
94776
92951
95908
94665
94504
87781
95778
94784
95853
95858
95947
94636
94670
94565
95966
94702
94738
94609
94603
94534
87992
91397
94616
94611
94600
89716
94496
94722
94533
94691
94750
94580
97297
94658
94549
94618
94634
87761
94627
94553
89718
95817
94601
95856
97337
94669
94560
95816
87877
94529
95994
94626
94653
89741
94778
87798
94520
91183
94727
94361
91255
94675
94752
94555
=======
87827
94675
91069
94677
94688
94218
94752
94555
94548
89539
94541
95868
94312
87741
97302
96040
97349
95821
>>>>>>> e5b9182e16b02a6913ba757c39bde7c25ce37f34
94530
94797
93149
94584
<<<<<<< HEAD
94509
94612
94683
95851
94661
94505
89738
94728
89456
94709
96000
94567
93002
94761
91227
94487
95864
94569
94751
94495
92910
92823
94552
94802
89735
95885
94540
89462
94570
93120
94713
94760
94641
94624
94489
94724
87952
94749
94804
94480
94500
94513
94646
94585
94575
96002
90970
94663
90894
92998
94800
96004
93146
89669
90879
94335
95902
94482
94757
94711
94809
94557
89767
94639
94483
94771
95793
91342
93122
96011
94742
94539
95830
89660
96065
93052
89726
91099
94704
94485
94563
89509
94735
94633
92916
96030
91324
89503
89754
94619
94756
94768
94731
89760
96015
94739
94780
93054
94608
94745
94484
94680
94754
94740
94578
95911
94676
94723
89173
94606
94659
89598
94614
94689
94597
95953
94559
94662
=======
91032
94537
97326
94660
94703
97291
87816
89350
94734
97314
91040
94586
94509
95942
97316
94526
95876
91091
95906
95886
94507
94612
94519
97275
94650
95973
94683
94695
94472
97333
95825
97292
95935
95904
95723
95987
97336
94766
94776
97287
95996
97329
92951
94649
94499
95851
91403
94490
95796
94706
95774
97318
87829
97367
97390
96036
94661
94336
94505
94700
97346
89738
94625
95812
96057
97272
94589
97267
87726
95918
95908
94728
89456
91042
95920
95894
87911
94665
94504
97290
95880
92509
89662
97328
94692
96014
94417
95946
96061
94517
87781
88017
94621
94701
88006
94709
89292
97315
95813
94647
94652
89631
95909
94685
89525
97377
89599
95800
97313
96059
94699
96000
91149
97387
95833
94593
95981
96003
94607
95882
89476
94479
96051
94518
94567
90867
97319
95998
94630
94406
95889
94697
90831
93002
94812
95950
95641
94761
90779
95997
95831
94674
94814
91227
95854
94487
89397
97298
97374
97327
95864
95970
89699
94516
95901
94811
95883
94698
97370
97399
97393
94729
97321
94554
94568
95896
95810
94544
95799
94569
95791
94511
97365
94777
96063
87738
96042
96064
94596
95790
94751
97268
97384
94495
95778
95999
95962
97277
94784
89633
95931
95788
95747
95853
97307
87793
95887
94715
95858
97334
96053
95842
95947
89481
97294
97406
94498
94527
94636
94096
94679
97289
97395
94613
97368
95928
87859
97386
88010
94260
97358
95893
94237
96035
95832
91076
89673
94531
96033
92910
94587
95936
96056
95949
96013
92823
94670
95839
95819
94552
95934
94802
95879
89454
96068
95982
87929
94594
97265
95924
89735
94717
96006
95644
94565
97375
95969
95976
95995
95690
89705
96007
94493
97405
95885
97363
96052
95874
95873
95869
94579
94599
94540
89663
89755
89623
95859
92364
96021
97364
94577
94791
96005
94678
96054
89535
94523
97278
87710
95913
95795
94582
94755
94682
89486
94741
96028
97276
89462
89500
95966
94570
95890
93120
97360
97274
97270
94637
95867
94764
95852
94515
97352
87757
96045
95878
94801
97402
94702
97401
89522
96020
89731
94524
94713
95933
94760
94753
94641
95972
94655
94648
94624
89426
91354
97332
87892
95991
94651
95770
94489
94508
89652
94724
94725
97301
95951
96039
95963
87734
95891
97354
95846
91124
97280
97269
87952
95803
94503
94694
96043
94749
94615
94387
94804
97408
95871
94732
94738
97295
97394
95988
97266
97338
97325
87895
97353
87768
94480
94743
95923
94500
95805
94640
94654
97296
96031
94609
94574
94603
94534
94744
94513
89360
95789
96026
94492
97335
92851
95959
87992
94708
94468
95638
97331
94770
94646
95806
92395
91397
95850
96025
94481
97299
94616
94786
94611
95965
94620
94506
96008
94737
95860
94535
94585
94746
94773
89647
95875
97373
97322
89452
97303
94575
97389
94193
94491
94591
87951
97388
94600
87865
94502
97339
97271
89716
97293
94721
95824
94718
89493
92450
97340
95823
94475
96002
95792
90970
96032
87696
94663
94767
94510
95899
94528
96050
95776
95863
94817
89512
95903
95771
97356
94572
94522
97341
95941
96046
94794
95861
95828
97397
97305
90894
89689
96044
92998
90754
94800
94588
88004
95905
95975
95802
89187
97409
94631
95989
95945
94573
94344
96004
94521
97288
89483
95932
94775
94629
92398
95822
96041
95866
94496
95881
96010
94681
89544
95786
94707
94604
97273
95978
96066
95926
94793
94696
97308
93146
94779
94722
95888
94807
92418
95787
87987
95847
95957
89204
97376
97330
94598
94543
94705
94690
94795
94762
92855
94533
89669
94617
90741
95968
92660
94787
90938
94691
94501
97351
90879
89768
95938
97371
94758
96012
94712
94335
95956
96027
95902
94750
90788
96062
94580
87994
94512
95865
94550
94482
94622
97297
96023
94532
95939
97306
94757
94668
94711
94769
94658
97311
94645
97357
97281
97383
87915
90919
94810
97283
94765
94549
94809
95844
94557
96019
87867
97398
95870
97300
94581
91035
87732
94806
94719
89184
94736
95843
95961
94618
97282
96048
89475
94602
94673
94642
89767
94545
89337
94442
95811
94424
95984
94639
95958
97355
91243
94726
94483
94771
94672
94634
94720
87761
95925
92840
95793
95892
94772
89580
94627
91342
95782
94199
96055
93122
95781
96011
94553
95862
94547
97324
89775
97404
94327
95804
94494
95855
95773
94742
94667
95794
94592
96029
94687
97396
95977
95937
94590
94714
97385
95634
95820
89601
89718
87731
97361
95884
94539
95662
95944
95857
95817
94601
95830
95856
97337
95834
95914
95927
94623
89660
95818
94643
96065
95780
97400
94716
89588
95943
87999
97403
94363
89736
89605
94796
95769
97359
94514
93052
95930
94788
94561
94556
94628
94790
94486
89221
94686
97279
89726
95917
97310
97391
95837
97348
94693
91026
87795
94538
95919
96016
90758
95797
94785
94733
90883
94669
91099
94789
95838
96038
94704
94485
94560
95895
94792
96067
95841
95816
94546
94815
89448
87877
95916
89682
94563
95971
94583
94805
95835
94759
87975
95772
95814
96058
94748
97343
97407
95807
97379
94710
95921
97347
94595
89135
97317
87864
89509
95907
95836
95960
94632
94735
94529
95979
94633
95955
94818
89330
95829
87730
97380
95954
97320
94198
95877
92916
95826
94666
95809
96030
95964
91324
89503
95994
95815
89754
94816
95840
95767
94619
89181
95872
94626
94397
94803
94756
94653
94657
89545
95808
92973
89741
95801
97309
87824
89460
97350
94656
94768
94731
96060
95929
94244
89490
89701
87783
94778
95785
94782
95967
94220
94798
87744
97378
96022
89144
89760
94488
95845
87826
95915
94610
87798
95992
96015
94564
95798
96009
95849
94520
94739
87759
91183
94727
97342
92498
94780
89555
96047
92902
95948
95848
97362
93054
94730
89139
90806
88001
95985
87920
94608
94745
94484
97344
91106
90995
97392
94361
95990
95974
94551
94407
97285
95983
89624
94566
95779
94774
94781
91000
95900
95827
94571
87698
94680
95637
87927
96018
94783
87906
94763
93033
94747
89540
92657
94392
94684
97372
94754
95980
97369
95777
94740
94813
96001
95922
94536
90937
94808
95898
94578
94270
95993
94525
95940
95768
87746
95910
94562
95911
96017
95633
89524
94542
94346
89515
90772
95783
94799
97381
94676
89393
91255
94723
95897
96034
89173
96049
95784
94606
94659
94605
94635
97323
89598
94614
94671
90851
94644
94689
94497
94086
94558
94597
97304
95953
95912
96037
95986
97286
94559
97312
95775
97382
94638
94437
94662
95952
97345
89764
94576
87703
97284
94664
96024
97366
89749
>>>>>>> e5b9182e16b02a6913ba757c39bde7c25ce37f34
