97329
95870
95783
95999
97287
94541
94544
97338
96049
97370
95797
97378
94783
94805
97285
94674
94519
94610
97369
95883
95910
96037
94792
95788
94789
97301
97364
95901
94623
94498
94546
95880
95813
94790
94492
95972
95837
95835
94736
94517
94794
95924
95882
95939
95907
97342
95831
95844
94806
94717
94640
95826
95812
97395
94686
97283
95919
94491
97368
95782
95809
89545
94733
96035
94637
97400
95978
94490
94746
95838
97365
97391
95789
97376
94531
95889
97356
97279
95971
95824
95943
97380
96039
94549
94596
95998
94628
94643
97316
97290
94494
94526
94532
94726
96063
96012
97401
94812
97331
94667
94798
95890
97288
97354
96022
94807
94791
94737
95881
94664
97317
94758
95948
95818
96061
90867
95945
97390
94581
94811
94638
95960
96053
94673
94645
97268
94652
95856
95799
94508
94617
97322
94767
95845
95833
97388
97371
95814
94538
95807
94687
94582
94515
96032
94514
94592
97397
97409
94813
95955
94479
94730
95985
95983
94796
94666
95982
95852
96008
94732
96048
95931
96054
97386
97328
97294
94644
95979
97313
95836
94710
95801
95853
94392
94685
94815
95981
94763
97352
95946
94731
97392
94593
94810
96045
94506
94684
95822
95897
94572
97330
94606
94714
95899
94536
95802
94550
97394
94562
94748
94568
94607
95949
95995
95834
97353
97382
94818
97310
96033
95776
94493
95780
94542
95905
96019
94651
97408
94775
94776
94556
96001
97361
97293
96009
94654
94721
94497
96064
95950
95892
94723
96050
94744
94571
94803
94773
95839
89535
97326
95772
94734
94715
95825
95969
94698
96007
97284
96034
94672
95879
95774
94764
96051
94706
89631
95987
89555
94678
95906
94527
94700
95827
96038
97385
95848
94589
97363
97345
97350
95770
97273
95952
95792
97327
95841
95863
97305
94528
96046
89500
95922
94511
97278
94681
95914
94518
95936
95806
96056
97336
94712
94705
95940
95965
94774
95819
97383
94602
94636
95858
94649
94816
97308
97351
95915
97277
94620
95862
95929
95930
95947
97282
94501
95933
96041
96006
95865
97373
89184
95769
97334
90806
92840
96020
95904
94716
94679
94555
94594
95967
89476
95840
96055
96042
91403
97402
94563
97274
97358
95800
95976
95962
94650
94551
95791
95925
95973
96010
94588
94630
94765
94784
94516
97396
91076
94635
94688
97315
95878
95873
95876
95984
94590
95781
94772
95804
94512
94522
95996
95990
95895
94753
94618
97307
89483
94615
97377
94554
96018
96025
94697
95964
94719
97333
94397
94487
96062
94627
95941
94548
97375
95871
95778
97337
95903
94653
97341
94777
95920
97299
94779
88017
94743
95861
94619
95777
95784
97367
94808
89736
95993
95866
95917
97407
94520
96023
89490
95860
97332
94814
97323
95805
94720
97339
94585
95794
97272
95961
94507
94535
97384
95816
97346
97276
94677
95921
94566
95877
94599
91183
97387
89475
94683
94738
94699
95779
94799
95815
95928
94729
89601
94510
95832
94668
97298
95959
94725
94442
94693
97374
95823
94787
96065
94584
90754
95884
97271
93033
94751
94561
95988
94655
95934
89755
94631
94781
94576
97360
95846
95869
96028
94801
95937
95842
94557
94496
95974
89512
89135
97275
94625
94756
95977
97266
97304
94621
94485
94573
95796
