142651
142618
142612
143768
143720
141362
140389
141651
141465
141395
142594
141288
142478
140493
142490
140150
142617
143764
140215
142472
142526
141247
140182
143808
140384
141543
141588
143740
140176
141650
142520
143759
142454
142522
143782
140177
141438
140310
142500
140347
140339
140481
140250
142575
140275
140365
140263
142527
143796
141414
140298
140302
142619
140469
140172
142561
141564
140410
140489
140349
141431
142448
141325
140393
140441
142455
143776
141533
141273
141421
141290
142634
141378
141276
143784
141265
142530
140341
141184
142488
140186
140154
141638
141584
141285
141316
141432
141665
142590
142513
141334
141635
142626
141604
141446
140309
142474
142492
141634
140353
136840
141509
141360
142578
141413
140278
141434
142450
141296
141544
143772
136776
141427
142557
143785
142506
142462
140216
141270
142514
140371
142485
141309
140146
140207
140354
140446
141443
141618
141656
140486
140299
142627
140488
140255
140206
140379
141600
