143733
141647
140301
142581
142586
141390
141409
141448
141524
141433
143737
142482
142558
142592
143739
143743
143755
141637
143713
143801
141368
142461
143744
141381
140294
141591
142601
141246
140419
141388
141262
143769
141502
143763
140386
143722
141420
141652
140374
141583
142489
141422
141271
140495
140270
141423
141632
141628
141320
142515
141342
143765
140456
141449
141578
142649
141301
141391
141473
140402
142495
142567
140352
140320
141568
135910
141506
142610
141629
141442
142597
140494
141375
141429
140346
141379
142541
143790
143734
140144
143730
141457
140447
141312
140436
140265
141214
141336
141472
142467
142405
140808
140459
141613
141610
142355
141631
140248
141250
140317
143805
139237
142457
141649
142507
142543
141341
141243
142621
141302
140485
141589
141488
140405
141550
142479
141326
139875
142480
140162
138277
140311
141498
137079
141337
141323
141412
141587
141439
140284
136760
141622
138546
140246
143724
140363
138567
140381
141348
140425
142583
143710
139817
141507
141623
141511
141626
142573
142642
143753
138256
139172
140376
141006
141383
141489
140470
140377
141625
141072
141661
135987
140413
140343
135816
141372
140240
141416
136905
142566
137621
139227
140114
140254
139191
135757
135866
141345
141643
142537
141037
136497
135945
