141389
142521
142499
141559
142551
140266
140249
140415
141531
142646
140401
140199
141450
143804
142574
141361
141612
142539
143800
140325
142518
140421
142502
140237
141339
141453
141512
140271
141614
141400
141576
141470
141536
141275
140231
141258
141466
143806
137007
140360
143779
142630
142555
141242
141539
143807
141349
140260
140375
140400
142560
140308
140280
142584
141293
143754
140430
140492
142463
142637
141310
140326
141522
141535
142486
140461
143712
140149
143735
142392
141355
140388
141385
141425
142459
142453
141644
143750
140165
141505
142442
142631
140438
141444
140185
141653
140205
141599
141476
141317
143786
140390
141356
141485
141538
142497
142570
141556
140443
141526
140380
142564
142589
141655
140445
142484
142620
141551
141351
137682
140273
140478
142529
141517
141582
143716
141282
141343
140183
140475
141411
141315
141364
140268
141347
141527
140432
140496
141478
142552
141238
143715
142545
141461
136843
143758
141491
140153
141269
141598
139054
143798
140198
142598
143802
140382
140424
141456
142477
