140422
141561
140321
140291
140158
141104
141243
140378
143734
140253
141536
136760
141334
137791
143806
140340
142465
140249
140259
143736
137018
143716
142491
140162
140164
140146
141320
141272
141427
141022
141481
141240
140187
142584
140485
141469
136773
140397
140208
141257
140213
140382
142590
140409
140214
141617
141606
140316
141557
141332
142503
135930
141555
141258
141278
142545
142530
141457
140152
142469
141514
143810
142548
140341
140411
140319
140470
143731
140224
141470
140476
142650
136479
141317
140275
140283
141375
141659
141324
141520
141358
140295
142592
141265
141329
141372
140477
141150
138251
141471
141588
142586
142539
141153
140333
142578
139201
141026
140487
141594
143799
137621
143708
138159
142600
141483
142504
142467
140326
140372
140144
141294
141528
135858
141475
141406
140355
135945
140218
140399
142460
143758
140336
136792
140301
141411
140155
141360
141438
141253
142477
142509
143785
141276
141619
140139
141563
142533
143742
140263
141287
142518
141632
142542
135910
142608
141666
140298
136878
141545
140339
142505
137916
140196
143755
143775
141263
142605
141404
141582
142643
140446
140200
142649
141535
141559
140166
141463
140784
140380
141435
139120
140209
143753
139089
140410
140233
141285
140215
141510
136996
141458
141413
141497
143727
137079
140389
140180
141426
140294
141473
140140
136840
141496
142604
136603
140415
141560
141164
141573
140455
140364
141304
141429
140189
140312
141598
141654
140211
141290
141646
140478
143723
141259
141424
142636
142556
143714
141350
141450
141568
141214
141282
140441
140408
141489
141558
143780
141612
142594
140350
142565
141487
141605
142447
141651
136843
141462
143759
141314
141621
141500
137118
140222
143809
140368
141064
140497
140454
141283
140471
140459
142606
140237
140324
140375
142355
141355
142515
140143
141628
140184
141618
141623
141367
139054
139105
137045
139824
141604
141344
142559
140481
141416
141532
143764
140416
141542
142445
139956
141562
142647
141484
142648
136497
141599
143754
140475
141369
142641
142496
135757
140163
136678
141445
140305
140437
138688
141373
141522
140461
141480
141339
142618
143746
140435
141491
135925
137646
136688
139237
140406
142479
140257
143805
142526
140430
139869
140210
141252
140194
142589
140315
140183
141389
142517
143756
140271
136905
143718
141353
141394
140195
143778
142512
141454
140353
140246
140425
141245
141577
142621
141439
141328
142498
142444
140178
138546
142602
141592
140270
141356
142583
141519
143709
142510
140276
140988
141408
142443
141269
143719
140434
143792
136495
140154
141244
143738
140320
140236
141289
136933
142623
140377
142560
140169
140359
141482
140458
142499
139311
141608
141295
143749
141312
141518
140149
142472
140159
140138
142468
143743
141644
142478
141614
142483
142626
140356
141242
139336
142644
142508
141476
141490
141531
140217
142619
141326
140403
142506
142563
140147
142481
142577
140238
141330
141388
140440
142524
141556
142561
142475
142514
141393
142461
140231
143725
141323
141564
140465
141430
140241
142597
140284
141440
141256
143803
141300
140260
142488
141370
142573
140289
141501
139859
140482
140274
139817
138277
140153
142536
143722
141504
137783
140235
141453
138256
142546
142480
141625
141378
141423
140311
141620
141354
141288
143804
140462
143748
140467
141286
142611
140388
142620
140903
140232
142516
142547
142522
141661
142494
141446
141554
141260
136820
139999
135754
140175
141307
140349
142541
141474
142458
141359
140373
141584
142405
141246
140479
141511
143729
140342
140423
141593
140432
135819
140347
142502
141595
142631
140370
135816
140141
140469
139840
140366
137111
141581
141611
141417
143713
141585
137743
141410
141363
140405
141485
141443
143777
141653
140489
140436
142551
141361
140491
141596
140371
142601
142574
141006
140360
143760
142634
136804
138550
142471
140309
141570
140247
140314
141459
141494
141419
142616
136776
142640
142615
141402
141420
141000
137084
136731
140223
141613
142557
135779
140179
140280
140383
140486
141316
141436
141281
135775
139323
141422
141636
140756
140148
143747
141298
140303
141631
140433
142566
141498
141414
141499
140332
140498
142642
142543
140254
140186
140190
142575
143717
140226
140374
141630
142511
142519
141266
141268
143794
142485
138278
141538
140427
140449
141629
138563
141397
140344
141647
142646
138280
136891
141340
141565
143801
140131
140418
141626
142622
141302
141583
140248
141656
141478
141544
143807
141341
141432
142486
141547
141386
139227
141274
141643
142562
140205
140290
140473
141455
138010
140114
141311
141297
141572
141325
140493
140327
141553
142455
140207
142585
135987
141540
141472
141319
141249
141365
140177
142531
142639
142630
142487
140484
137541
140262
141327
136615
143733
141374
141291
140157
140265
142457
141346
140216
140939
143730
141529
140494
141539
140242
141322
141447
140220
143795
142523
141250
140464
140343
140307
143765
140463
140438
142441
140404
137769
141379
140240
143766
141407
141662
140424
140452
136040
142553
143711
143757
142456
142520
141074
140203
139172
140206
141517
141578
141337
141639
141546
140145
141428
141303
135957
140308
140167
141305
142489
140317
142476
140199
140234
143769
140480
140330
140258
141649
141434
142576
140328
143712
139158
141449
143763
138567
140429
142567
143752
141587
138208
141652
143811
141533
141638
143739
143797
140393
141336
141313
141383
140325
141637
137645
140239
142580
135860
142490
139152
140460
140447
141444
140398
140385
143771
137007
141380
140268
142581
142638
139191
141525
141663
141172
140488
141366
141452
139899
142464
136925
140407
140329
140267
140367
143735
140191
141280
141037
141601
140277
140095
139070
141377
141508
139119
141589
142564
140173
142450
141456
141273
142493
141387
140496
141392
142544
140019
141239
140250
142627
143798
143728
140243
141622
140306
140483
141600
137063
142555
140419
140245
140171
142352
141399
140474
141342
140252
140420
143744
143793
141655
141627
141479
140401
141405
142507
141371
140202
140872
142637
140304
142534
137946
140278
141569
140335
143737
142588
141648
140176
140361
141645
140841
137102
140192
140279
135789
142591
140379
141466
141526
143802
140269
143768
140151
141072
140443
143808
141586
140431
143741
140204
142466
135765
143776
142549
142568
142607
142593
135879
141409
135966
141382
141315
139876
140272
138626
141425
141492
140212
141270
143715
140808
140391
143726
140456
141524
140261
141331
140185
136803
140451
138941
137052
142529
141418
137738
140396
137452
142596
140387
140174
140251
141293
141368
140292
141351
141467
141597
139947
141376
141433
141398
140244
139360
141571
140318
143724
140381
142625
141349
142554
141306
139918
140390
141465
142633
142440
141603
141660
142527
142595
136669
143800
143779
140358
141512
143721
141664
140357
140299
140160
140282
143787
142497
140161
141657
142582
140400
139982
140228
140445
141345
142470
142459
141396
141507
139696
140417
143791
142462
140264
142392
142614
141284
138132
142570
140273
143762
141384
140395
142609
142645
136873
141575
141310
140468
142632
142617
142587
142439
140346
141390
141534
143786
141460
142446
141495
140363
141616
141333
141505
140165
140354
142474
141607
140413
141641
140818
140300
140229
140448
141650
141576
141486
140384
140450
141609
141451
143772
139184
141635
141567
137020
142610
141301
143783
142651
141262
141381
142613
141521
140492
141615
138959
137682
142598
141184
140182
141277
142537
140351
142500
141502
140188
141574
141633
143761
140193
140297
139968
138170
140287
140369
140285
140457
141530
141400
142624
142521
141338
142535
141247
142572
140150
141579
141642
138633
136514
140286
140227
141415
141271
139916
140313
141343
142492
140392
142528
141364
143732
141527
142495
143782
141296
140337
142532
142442
140172
142629
140348
140181
138797
140104
140442
141464
140338
143745
142451
141318
141550
141238
136730
141362
141488
141431
140198
137048
142612
141640
141401
140439
139875
140225
141254
141515
142513
140266
139376
142463
140365
137570
140230
140386
141541
140156
140142
140352
143789
141391
142501
136605
141395
138223
141461
142552
141248
141308
141493
141160
140453
142449
142448
143784
142473
135873
141255
141403
142540
142438
141624
141309
143770
140362
139938
140412
136895
141264
143796
141352
140444
143767
142558
141241
140428
141275
138670
140302
142550
143790
140310
141216
136990
142569
141537
139341
141543
142525
138625
142538
140472
141412
141347
140495
140426
141509
142579
140256
140466
140255
141448
141279
143774
141513
141477
143751
138992
140323
136761
141118
136847
141591
137660
141357
141506
140201
141552
135950
141251
141658
141580
140281
142628
140168
141441
140334
141602
141503
140219
143720
143710
140221
142571
142603
142482
141634
141665
141549
141261
135702
142635
141523
141468
141335
140421
143740
141548
142599
140880
143750
141348
135866
141437
140322
141292
141009
140197
141590
140414
136862
141267
140331
140293
142452
143788
141299
141566
141151
140020
141551
138005
140402
141442
137108
140170
140376
141516
140288
141385
136872
143781
142454
142453
140296
141610
141321
142484
143773
140345
140394
141421
140490
135746
