142762
143905
141749
141904
142028
143920
141991
145151
142862
141716
141721
141885
143875
141931
142781
142880
141827
144014
141679
141726
142835
142055
145156
142919
141940
145131
142750
142952
141963
142861
143916
142943
145128
142789
145152
142723
141983
143844
143824
142922
141986
143874
141930
141711
142904
141946
142872
143931
141812
142769
142906
143959
143006
143989
142737
143840
142997
142817
143003
143900
137969
142954
141740
141916
145141
143946
143953
143980
144020
143976
142875
143861
141979
143012
142783
143974
142965
142657
142732
143938
143896
142915
143849
143992
143009
141723
143038
142811
141801
142010
142956
141802
142697
143902
142936
138124
142685
143880
142854
142666
142962
145105
143972
142656
141998
141704
141763
143940
142779
143878
143023
142930
143923
141924
141964
142740
142795
141743
143843
145103
143004
140185
145138
142847
142007
143855
141800
143001
142892
145155
142884
141395
143901
143935
143911
143876
142964
141906
141895
143903
142744
141708
142675
142068
141911
137948
142694
141898
142017
142009
143917
142843
142727
141773
141700
142845
141793
141953
142721
143991
142085
141951
142061
143868
143979
143869
141917
145153
142717
141959
142672
145137
142911
142790
142914
142910
143936
142043
142761
141725
141784
142736
141705
142054
142981
141735
142019
145114
142814
141804
142802
143812
142797
141938
142927
142756
145135
143841
145159
141834
141944
141859
145164
142993
142674
143944
141781
141862
142851
141934
145130
141850
142806
143927
142883
142698
142654
142808
143921
141932
143870
142983
143912
143837
141870
143886
143019
142745
142850
139722
143998
142894
142660
145161
142780
143860
142876
143965
142057
144004
142787
141789
140788
144007
143827
145124
141744
142788
142751
142816
141695
141888
144002
144012
143862
143897
141871
142758
141652
142970
142813
145167
142782
142708
141920
142903
143904
141717
141670
145148
145162
142044
145100
143024
141785
141846
142041
141715
143890
142027
141962
142991
138756
142908
142986
141971
145116
142016
143947
142899
141825
141990
143816
145154
143846
144000
142886
142932
142045
143909
142757
142916
143914
141748
141890
142898
141863
145096
143821
142735
141942
142086
142920
145097
142856
142764
143034
141706
141759
143879
141696
141805
142822
142050
142944
143930
142035
142747
141909
141831
142680
142653
143873
142709
145134
143823
142812
145145
142700
141720
143970
142692
142040
143958
141806
143981
142023
142979
143863
144013
141851
141858
141694
143997
145098
142754
142889
143838
142004
142753
142768
143020
143037
141756
142020
142818
143000
143025
142982
143842
142716
143835
141832
143858
141939
142714
142799
142047
145107
144001
142793
145112
141816
141830
142766
141828
142741
141797
141701
143952
142933
143036
142718
144022
142746
141752
145127
142024
143017
145118
142912
144008
141815
143845
141855
142702
143002
138185
142791
