142809
142903
143907
142012
142772
142776
143008
141104
142900
141889
142925
141701
142036
137791
143910
143882
141847
141992
141898
141816
143917
142788
137018
142828
138756
141829
142793
145097
142056
143835
142926
141022
141882
142911
142811
143954
143039
144021
142044
142040
141929
141734
144005
142665
141949
142969
141917
141971
136773
141682
143822
141885
142758
142685
142854
142872
142771
142025
141841
143920
138033
142880
141979
145096
145128
142749
141751
142820
143908
138200
145135
144012
141984
141952
142898
142071
141895
143973
141830
142035
141983
142707
143960
138915
142834
140476
143867
143970
142805
141955
137969
141896
142886
142757
141520
142902
145138
142054
143027
143839
142859
141817
140813
142059
137947
138251
141775
141794
142055
141752
143914
142744
145136
139201
137621
145112
138159
143897
143846
141959
141750
141483
142711
143031
138811
144024
145101
142867
142773
142067
141902
142893
142806
141856
142850
144022
142004
142790
136792
140155
142732
141824
141981
141914
142924
141939
141966
142017
141941
144001
141619
145120
143898
141668
141737
141855
141918
142733
142060
145107
141821
142714
143989
142015
142906
143010
142797
145129
140446
143818
143947
142998
143874
143860
145119
141947
142782
143935
142961
142848
140784
141757
141727
142007
139120
142753
145137
139089
143992
141822
141675
143016
142747
142819
142791
137079
145147
142814
142936
141164
141991
143021
142976
141681
143030
143912
141746
142043
143812
141760
141702
143014
138844
141771
143001
143000
141954
141742
142770
142053
142996
141833
142013
141718
142962
142702
142851
141835
142778
145095
142982
144006
141897
141935
143780
142078
141891
143978
141807
141621
142921
141710
137118
145154
142680
141900
142802
142884
142694
141932
142709
142660
142846
142830
145158
138250
141951
141695
144016
142652
141834
142823
145145
142971
142785
139722
140184
142968
141888
141623
143945
143894
145127
137045
142985
141818
142559
143849
144014
145126
141416
141693
143941
138897
142674
141793
142940
141972
141837
141850
141712
141860
141820
141790
141811
143956
144019
145105
145134
142641
143979
143006
143962
142860
141667
142843
143948
138688
141890
142935
141373
142862
141986
144013
142987
141924
142761
142994
142670
141995
143041
143870
142877
142937
141754
141669
143830
142780
141828
137646
143981
142768
141956
142734
142724
139237
143937
142479
145163
143879
142037
141679
142083
143864
143997
141963
141809
142988
142748
141784
140973
141670
142020
142882
142989
141975
140884
142825
141915
141907
136905
143901
144004
143854
145164
139768
143923
142955
141708
141730
143851
142034
141454
142930
143881
141883
142009
141960
142831
145123
142949
141970
141863
142621
143865
143950
141973
141781
142787
142583
143967
141766
142933
142673
145133
143022
142789
141747
142031
145142
143011
141933
142046
141680
143828
143719
145146
141958
142842
143827
136933
140377
143823
142852
143895
142908
143023
140794
142957
143957
142934
143931
145143
142922
140827
142960
143921
142958
139692
141904
142914
138042
143829
142938
143872
141748
142995
142010
145113
143002
141884
141823
141930
143972
142838
141685
139801
142700
143971
142052
141759
142844
141791
141921
145153
141868
143815
142001
142801
141909
142817
141862
141926
141323
142655
142927
142721
142783
144015
143847
143964
145130
138190
141800
143876
138277
141753
141916
142871
142963
142657
143015
138256
143834
141965
143840
142807
142069
141787
142774
141756
141899
140903
141743
142943
142857
141953
142829
142794
141990
136820
143990
142701
141725
142816
141694
141842
141786
141799
143886
141762
142868
143922
141782
142983
142892
142405
141729
141692
145141
141511
142729
142769
142897
142913
141945
142668
142656
142082
142002
142039
141714
138249
143902
141687
141836
138859
142980
142066
141581
145167
145140
138245
142941
141870
142909
142796
142011
141903
141851
143777
142686
142879
142005
142023
138021
142743
142919
142684
142687
141944
142766
142904
143892
143878
141974
143996
141006
143934
143942
141711
141690
138121
143025
141779
142759
145104
145132
142975
141910
138824
141861
141967
142050
142018
143994
143885
141998
141676
142891
142981
138118
141943
142735
143944
140756
141723
140433
141499
143998
141733
142966
142084
142725
143859
145159
141630
141699
141266
142654
141928
143883
142878
138278
143836
142863
142956
143871
143946
143929
142085
142740
143868
142730
142691
138563
143007
138280
143819
141894
142792
141626
143938
140248
143033
142746
142997
142883
139227
141643
141763
143873
140290
142077
138143
142081
143987
143029
138010
143963
143961
140788
142818
142762
142728
141887
142708
142064
141985
142706
143984
142912
143852
138914
143814
142750
145144
142855
141767
142832
141977
142763
141740
138822
145161
142781
141327
142000
141892
141726
143949
143017
142073
143936
140939
142659
143969
142928
141999
138881
141322
141447
140220
142720
143037
142815
141925
142920
143991
137769
143018
140240
143958
145148
142905
142738
144023
143711
143857
143953
141772
141677
145152
143943
142677
143952
141337
142986
144009
142984
143875
145100
145118
141755
142881
140480
141937
143932
141785
139158
142847
141744
138567
141780
142827
142775
141587
143848
138208
141689
141652
143811
141814
143877
142061
142051
141988
141383
142068
141731
145151
141673
141919
142836
142946
142899
142028
143843
142931
142990
139191
143889
138900
145111
141705
142977
141957
142086
145102
141715
142713
142951
143993
142993
142062
145125
141942
138160
141950
140746
143013
142072
139070
141881
142003
142030
141788
143966
142917
141969
144003
143838
142493
142681
142841
141938
142939
141239
141978
141980
143959
145122
142717
143728
141843
141806
141879
143855
142065
137063
141808
141913
145162
142070
142041
143844
142672
142821
141479
141876
143888
141936
141732
142032
142813
142835
141872
142534
137946
141722
140278
143837
142837
142019
142953
141859
142697
141719
142742
142739
142588
142662
140176
144018
142076
142042
143988
141982
142690
141867
142704
141827
143933
142952
143028
143038
141854
141674
142950
142079
142964
141749
142719
138894
145110
142915
143974
141783
142865
141931
141832
139748
143858
142907
142014
142664
142737
142795
142057
138185
142808
138231
143939
141810
141707
141948
141795
141976
140185
141845
142722
143924
143982
143003
143034
138941
137052
141688
145139
137738
138271
141946
141798
142887
141777
141825
143940
142049
142840
143904
142901
141796
142715
144010
141805
141597
141797
139947
140244
143903
141852
141873
142991
141704
142554
145121
143913
142047
143926
143036
142777
144020
141934
141770
141826
141664
142726
141769
141961
143887
140160
145156
143928
138076
143880
145165
142689
142658
141778
142080
142978
139716
142942
140228
141671
142470
142745
142666
145157
141803
141893
144000
143820
141912
145149
142669
142918
141849
139770
139696
141968
141721
142910
145160
142929
141792
142889
141923
143821
138132
142944
142864
142024
141764
142999
142869
145114
141857
142705
138133
143020
143976
141911
142803
143026
142947
142959
142839
142873
143975
145103
142826
142824
141713
142741
141871
143845
139789
143980
141609
143862
142822
142693
141812
142992
142923
141927
141920
142861
144011
141839
141905
141864
142074
138959
142063
143831
142945
142727
143906
142537
143977
142765
142683
142676
142731
138170
143983
143841
142972
145124
142895
142678
142535
142800
142885
142671
141774
142006
142784
142974
143816
141906
145166
141801
138633
142698
142029
143925
142965
142870
142888
143813
142916
142667
142751
141901
141878
143900
142810
141697
137988
143891
143005
142853
138797
141696
140104
143863
141686
143930
142736
143040
142451
145109
141874
141858
142954
143909
142764
143825
142703
143869
141678
144002
142021
142752
141813
143817
141773
137048
141739
142754
142779
142016
141877
142033
141724
141768
141804
142866
143955
145117
139875
140225
142696
141993
143861
141728
141691
139376
142858
143866
142661
137948
142786
141838
141997
141720
139797
142804
141886
141684
141802
142755
142688
138201
141395
142679
141758
138223
141865
141745
143833
142890
142875
142653
144007
142970
143911
138148
143824
142682
143004
142798
141672
143893
141989
142973
141741
141738
142874
143770
142038
143890
145108
141706
141987
143919
142760
141683
142718
141703
143916
138670
143951
142550
141736
143024
143999
145150
143035
141700
142849
138124
143968
142812
142022
142833
142675
143985
142692
142538
142058
140919
139808
142663
144017
143915
141848
143019
142756
143905
141869
144008
141513
143986
141964
145106
145115
138992
145116
142876
143896
136847
141831
137660
142894
143842
138178
141717
143832
143856
142896
142723
141962
143853
142628
143012
141908
142710
141880
142695
141698
142979
141789
143995
138130
143965
141819
143710
141853
142603
142008
143032
143826
143850
142799
141994
142967
142075
141776
141735
142026
141996
145099
140880
141875
141922
142712
143918
142845
141815
142932
142948
145155
141009
141844
141716
142045
141846
141940
140741
141840
140020
138005
145098
138804
138067
143884
145131
142699
143927
142767
136872
143009
141709
142048
142856
138236
142027
141765
141761
142716
141866
143899
