11828
10505
10462
9395
9506
9817
10678
11684
12303
9832
10027
9851
9358
11303
9434
11188
11580
9308
10656
3348
9412
9692
10905
9403
10469
10506
14289
10851
9363
10951
11511
11171
12476
9345
11452
10731
10549
11272
11381
10932
10762
10776
12442
10635
9839
11543
9382
9940
11839
9496
9662
9671
9347
9929
11523
9394
10921
9653
12533
9939
10855
10428
11889
11446
11468
10732
11589
12578
9371
9317
11191
10720
9591
9424
9664
11706
10868
11967
9335
11119
11628
11567
11005
9655
9675
11366
10028
9342
11431
11022
10682
11623
9337
11398
11383
11647
10978
10005
10640
10988
10967
11554
9564
11469
10969
10871
9368
9452
10662
9436
11417
12530
10946
10385
9396
10782
9642
10717
11174
10888
10495
11400
9884
11532
10636
9448
9785
9670
11998
9322
9447
10873
6675
9494
10023
11526
10031
11125
10432
11622
11748
9646
3696
9816
10526
9361
10862
10714
14233
11649
10824
10589
11409
12019
10929
2824
11423
9640
9374
11041
9490
9509
10741
10604
9320
12026
10623
10795
9697
11042
11509
10564
11228
10354
11447
11000
9654
11459
12214
10334
11221
11036
9471
12451
11836
14063
10884
10983
10383
9378
11686
11808
9484
9356
11449
10810
9888
12561
12326
9408
10033
10415
7277
9352
9464
10450
11771
11048
12037
7698
11793
9266
9360
10960
10255
9479
12288
11260
10840
9519
11457
14062
11426
9470
10615
9898
10292
10392
14190
10652
10485
9878
2850
11841
10350
9323
9961
9444
9928
9467
10966
14331
14236
11823
11083
11444
9678
13716
10054
10396
6403
11242
9645
10611
11890
13782
10435
14351
13650
11674
7902
14039
10424
11363
10065
10705
11062
10408
13238
8521
9410
14346
9726
11838
13677
10463
10716
14344
10504
10426
14204
11402
14347
12641
11358
10683
10632
9952
11480
11465
9708
11064
10521
11479
9779
10671
4696
9343
10866
10496
11854
9313
11065
9718
12369
12474
8575
11687
9686
11130
10551
9539
11512
9477
10544
13496
10010
10986
11281
11008
11046
11388
14272
9576
11105
6718
6680
11259
11603
11006
10035
10574
11517
14252
7569
9495
11529
11017
11775
11243
1593
9538
11072
9524
11116
9376
10467
10816
11393
9661
9344
10710
14317
9445
12261
10522
11605
11864
10596
11253
11489
2909
9416
11110
10809
11882
8091
11436
9314
2935
10965
9698
11233
8582
9701
13244
14202
11185
10022
14299
9594
12436
12181
11774
11601
11219
9571
10925
10954
11651
9441
10545
11166
6022
9364
12494
9690
10579
10503
11630
11231
11086
11478
11577
14242
13768
11227
9501
10387
11141
12539
11723
9302
11387
9756
9667
11435
9446
10409
9788
14214
14325
10977
14232
9373
12287
14157
12611
3337
3029
9326
10826
11484
12223
9473
9691
11392
10052
11111
14330
10785
10597
10922
10863
11462
14306
9392
14292
9641
11851
10874
10942
9957
14221
14348
11155
10362
10036
9994
9435
9988
11195
14336
9355
10024
10374
10998
14263
11093
10449
10447
10486
7337
9983
10402
11063
9545
3350
8225
12417
11207
11518
14226
12985
13790
10842
13304
12529
11353
11640
14085
14206
10847
13752
10066
9696
9694
9333
14258
10941
11778
9966
14093
5968
13797
14066
1066
9891
11692
14259
11282
10411
10823
9588
9450
9596
12481
14228
14092
13727
14327
11217
9913
8570
6703
7588
10875
13277
9899
11677
6472
13366
9656
9404
10333
