11366
11828
10462
10469
11684
11065
9817
9939
9506
11526
9664
9662
10682
9322
10505
10506
11839
11303
9851
10946
11512
12303
11580
14289
3348
9395
11523
9308
11155
2935
11125
9692
10960
10776
9434
9358
11227
11601
9839
10662
2824
9363
10522
11174
12442
10066
10354
10732
12436
9371
9832
9940
11417
11823
6022
10579
11511
11452
9342
10840
10333
10851
10678
11640
11171
9671
9675
9929
11272
11622
11409
11998
9576
9928
12530
9509
9961
10855
11793
9496
9642
9314
10951
10977
11041
12026
10810
11281
10033
9337
11771
3029
10967
11402
10415
10549
9698
9317
9403
9524
10362
10965
11457
12037
12533
9320
9335
10720
11449
12019
14232
6680
10921
10597
10986
11459
9396
10383
10741
11228
11554
10954
11188
11191
11603
12476
14346
9364
11543
9667
10873
10396
9670
10424
10521
10656
11864
11889
10941
10932
11589
9436
11093
10762
9323
10005
10564
11282
11967
11048
3350
3337
10589
9394
9404
9441
9646
10782
11882
12474
12561
9368
12578
9701
10888
10983
9479
9519
7569
10731
11353
11363
9645
10884
9641
9345
11775
4696
6675
9538
9596
10640
10978
11022
11509
10010
11686
10714
11400
9494
9957
11605
2909
9452
10054
10868
11231
9779
10866
11006
11017
11838
10929
11778
10027
9360
9361
10871
10874
11674
11000
11623
9302
9697
10652
12481
10028
7588
9501
9490
11062
11687
9447
9816
10463
10862
11233
11259
11398
11468
12417
2850
11890
9640
11116
11836
12181
10969
9412
10816
11195
10545
9450
10385
10863
11423
11447
10717
14331
12451
10596
9952
14292
14062
7337
11517
11042
14306
12214
14214
9266
9994
11748
14233
11446
11706
14336
10374
10842
11358
13238
13496
14258
11677
9913
8225
14206
11111
10402
9495
10467
11046
11005
12287
13752
13797
14330
14039
10409
10988
10785
9696
11484
9356
14299
12369
11518
11393
10036
14190
14204
6703
9661
10495
13650
10998
13768
14272
14242
10031
11462
13790
14263
9392
9571
11063
8570
14351
9591
9435
12539
10823
14348
10432
13244
11105
10875
10408
10635
10411
11383
14325
11692
11141
14221
7698
13782
10574
12641
9333
14085
9691
11207
11253
10052
11480
5968
9382
10504
11567
9373
10450
11851
13277
11435
14066
13366
14327
10526
11036
13716
14344
1066
9891
13304
11469
14252
14259
14236
14092
11119
9545
12529
11008
3696
9484
11110
9347
10428
9899
9785
12985
10551
11072
9966
11444
9594
11130
10435
10623
10447
11392
11166
14228
10716
11185
10824
9653
11221
10922
9694
11381
10809
10847
14347
13677
11628
11217
7277
11651
11260
9690
10795
11478
14093
9326
11436
9355
8575
9588
11431
12494
10387
11649
9477
9313
9471
14317
11388
11479
11387
14063
11426
10392
9878
9378
11808
9344
10503
10905
10426
9686
11489
8582
9564
9444
11774
9424
11630
9470
9374
10604
11083
11242
9654
10350
9343
11854
12326
10966
10334
9352
6472
10496
9884
6403
13727
11723
6718
10292
10615
9655
10255
14226
9464
9416
10022
9448
10065
9539
10485
12261
9445
9678
11532
9726
9376
11841
10636
9408
12611
7902
9898
11465
11647
9983
11529
11064
1593
11243
